	F3W.2.Ce.022	F2F.3.Ce.021	F2W.2.Ce.022	F1C.3.Dr.022	F1F.3.Ca.022	F2F.2.Ce.021	F2W.2.Ca.022	F3W.2.Ce.021	F2F.2.Ce.022	F1W.2.Ce.022	F1C.3.Dr.021	F1W.3.Dr.022	F1W.3.Dr.021	F2W.2.Ca.021	F1W.2.Ce.021	F2F.3.Ce.022	F1F.3.Ca.021	F2W.2.Ce.021	F1C.3.Ca.021
F3W.2.Ce.022	0.0	0.808862357476	0.654646459613	0.72081494715	0.756593482891	0.821596724006	0.689060969629	0.762906827539	0.83982988315	0.760677639431	0.796473047247	0.793073916672	0.750625263779	0.766588741312	0.799744143888	0.879047750982	0.767687609128	0.786148060405	0.744083530858
F2F.3.Ce.021	0.808862357476	0.0	0.781833167199	0.751134154872	0.768781605032	0.642575767265	0.760800372296	0.800187529774	0.662958484125	0.777087766139	0.724268481831	0.739679258774	0.847780228446	0.740236806581	0.857851099125	0.944614967971	0.775496675459	0.757399217676	0.824792918281
F2W.2.Ce.022	0.654646459613	0.781833167199	0.0	0.684487305151	0.72439634674	0.80626084588	0.672199918034	0.754562118045	0.819691220611	0.73285195004	0.772679259684	0.76533556096	0.799044790898	0.722819981995	0.808078159949	0.887424594677	0.751736196778	0.781550332246	0.748401409817
F1C.3.Dr.022	0.72081494715	0.751134154872	0.684487305151	0.0	0.67189093843	0.774845927328	0.688251952931	0.78978504345	0.78077721411	0.657194607879	0.743457633054	0.661428489611	0.830475027103	0.766736353119	0.84655060836	0.923710594392	0.785800828835	0.791668548698	0.796973824808
F1F.3.Ca.022	0.756593482891	0.768781605032	0.72439634674	0.67189093843	0.0	0.770090561318	0.703187558784	0.80788943855	0.779949625419	0.659053820454	0.767575546094	0.645718805311	0.849543499972	0.765809022632	0.871309664702	0.936258603718	0.798146346671	0.798263290364	0.828645585564
F2F.2.Ce.021	0.821596724006	0.642575767265	0.80626084588	0.774845927328	0.770090561318	0.0	0.762157566686	0.826626257217	0.604122691652	0.78617975645	0.734429328435	0.746602161839	0.845194289026	0.745258212635	0.872731143771	0.950127915585	0.790940858063	0.801515936445	0.834832761413
F2W.2.Ca.022	0.689060969629	0.760800372296	0.672199918034	0.688251952931	0.703187558784	0.762157566686	0.0	0.719500958642	0.775276650414	0.725372598748	0.766129265134	0.76015137973	0.767083028629	0.723372285006	0.812102026924	0.890367324697	0.749813963575	0.803415411785	0.760045636189
F3W.2.Ce.021	0.762906827539	0.800187529774	0.754562118045	0.78978504345	0.80788943855	0.826626257217	0.719500958642	0.0	0.85497731235	0.778906523768	0.770982342227	0.816073347969	0.746687819027	0.725814708324	0.688833865071	0.877372100442	0.769289770001	0.720391537256	0.674193181336
F2F.2.Ce.022	0.83982988315	0.662958484125	0.819691220611	0.78077721411	0.779949625419	0.604122691652	0.775276650414	0.85497731235	0.0	0.788250600109	0.758618330877	0.768789283815	0.879516274331	0.807347189818	0.907648089682	0.960108433516	0.815112277191	0.828616255736	0.868428940749
F1W.2.Ce.022	0.760677639431	0.777087766139	0.73285195004	0.657194607879	0.659053820454	0.78617975645	0.725372598748	0.778906523768	0.788250600109	0.0	0.782744319465	0.648167294266	0.856256523076	0.774698774239	0.858993194624	0.926452972238	0.790978376958	0.789647172498	0.813561141568
F1C.3.Dr.021	0.796473047247	0.724268481831	0.772679259684	0.743457633054	0.767575546094	0.734429328435	0.766129265134	0.770982342227	0.758618330877	0.782744319465	0.0	0.751026817975	0.807324167745	0.73897311135	0.841956491662	0.92513956007	0.735600567029	0.73527527127	0.801727494017
F1W.3.Dr.022	0.793073916672	0.739679258774	0.76533556096	0.661428489611	0.645718805311	0.746602161839	0.76015137973	0.816073347969	0.768789283815	0.648167294266	0.751026817975	0.0	0.86749774728	0.768327428022	0.888293589407	0.94196809851	0.800215492117	0.787544843933	0.84277421456
F1W.3.Dr.021	0.750625263779	0.847780228446	0.799044790898	0.830475027103	0.849543499972	0.845194289026	0.767083028629	0.746687819027	0.879516274331	0.856256523076	0.807324167745	0.86749774728	0.0	0.736634544648	0.714044145396	0.857076031119	0.79030827955	0.815183579864	0.744984511979
F2W.2.Ca.021	0.766588741312	0.740236806581	0.722819981995	0.766736353119	0.765809022632	0.745258212635	0.723372285006	0.725814708324	0.807347189818	0.774698774239	0.73897311135	0.768327428022	0.736634544648	0.0	0.737365993727	0.898127970142	0.736397949541	0.759799017753	0.72500983124
F1W.2.Ce.021	0.799744143888	0.857851099125	0.808078159949	0.84655060836	0.871309664702	0.872731143771	0.812102026924	0.688833865071	0.907648089682	0.858993194624	0.841956491662	0.888293589407	0.714044145396	0.737365993727	0.0	0.853459412054	0.832413205249	0.75789960325	0.641957346999
F2F.3.Ce.022	0.879047750982	0.944614967971	0.887424594677	0.923710594392	0.936258603718	0.950127915585	0.890367324697	0.877372100442	0.960108433516	0.926452972238	0.92513956007	0.94196809851	0.857076031119	0.898127970142	0.853459412054	0.0	0.88260395966	0.896242259905	0.875153911111
F1F.3.Ca.021	0.767687609128	0.775496675459	0.751736196778	0.785800828835	0.798146346671	0.790940858063	0.749813963575	0.769289770001	0.815112277191	0.790978376958	0.735600567029	0.800215492117	0.79030827955	0.736397949541	0.832413205249	0.88260395966	0.0	0.755860720177	0.740120043459
F2W.2.Ce.021	0.786148060405	0.757399217676	0.781550332246	0.791668548698	0.798263290364	0.801515936445	0.803415411785	0.720391537256	0.828616255736	0.789647172498	0.73527527127	0.787544843933	0.815183579864	0.759799017753	0.75789960325	0.896242259905	0.755860720177	0.0	0.725724547932
F1C.3.Ca.021	0.744083530858	0.824792918281	0.748401409817	0.796973824808	0.828645585564	0.834832761413	0.760045636189	0.674193181336	0.868428940749	0.813561141568	0.801727494017	0.84277421456	0.744984511979	0.72500983124	0.641957346999	0.875153911111	0.740120043459	0.725724547932	0.0